10700
27786
-130560
-145423
1069143
1923931
-187031
-1923760
261913
1728159
-614027
-1393836
1012331
867856
-1269818
-151730
1195011
-561396
-671044
944847
-111668
-707888
679107
10711
-565379
524331
-62868
-353863
441414
-191966
-133143
285073
-263733
76648
82659
-161345
158628
-88520
-8679
54155
-72545
62069
-44234
6886
6843
-23984
25110
-485
19425
13055
-12570
14255
-19102
22650
-12547
30732
-6418
21008
-21640
11645
-13582
19171
-25261
14811
-16839
23087
-19908
5803
1394
-2019
25140
-10703
21548
-9301
-17522
53614
-67733
80089
-36745
-35519
100219
-165644
159808
-30696
-150837
280956
-268407
20324
285142
-449746
268035
246927
-607849
441297
251675
-798888
494358
448112
-1006392
305978
931420
-1013879
-399654
1403710
-272960
-1438268
896099
1296814
-1354675
-1123499
1670770
1069377
-1835584
-1188322
1856086
1517285
-1674051
-2056246
1086824
2555627
-16060
-2654905
-1451087
1842887
2707190
55936
-2714983
-2291109
732420
2977270
2175087
-742906
-2968851
-2594949
-96238
2437854
3151553
1696605
-810851
-2782388
-3174329
-1933503
181882
2146739
3181344
3013073
1858199
201528
-1434347
-2647801
-3231968
-3167365
-2588372
-1699905
-682831
323270
1212988
1927924
2455395
2815741
3044325
3176292
3244461
3272751
3277532
3276008
3277532
3272751
3244461
3176292
3044325
2815741
2455395
1927924
1212988
323270
-682831
-1699905
-2588372
-3167365
-3231968
-2647801
-1434347
201528
1858199
3013073
3181344
2146739
181882
-1933503
-3174329
-2782388
-810851
1696605
3151553
2437854
-96238
-2594949
-2968851
-742906
2175087
2977270
732420
-2291109
-2714983
55936
2707190
1842887
-1451087
-2654905
-16060
2555627
1086824
-2056246
-1674051
1517285
1856086
-1188322
-1835584
1069377
1670770
-1123499
-1354675
1296814
896099
-1438268
-272960
1403710
-399654
-1013879
931420
305978
-1006392
448112
494358
-798888
251675
441297
-607849
246927
268035
-449746
285142
20324
-268407
280956
-150837
-30696
159808
-165644
100219
-35519
-36745
80089
-67733
53614
-17522
-9301
21548
-10703
25140
-2019
1394
5803
-19908
23087
-16839
14811
-25261
19171
-13582
11645
-21640
21008
-6418
30732
-12547
22650
-19102
14255
-12570
13055
19425
-485
25110
-23984
6843
6886
-44234
62069
-72545
54155
-8679
-88520
158628
-161345
82659
76648
-263733
285073
-133143
-191966
441414
-353863
-62868
524331
-565379
10711
679107
-707888
-111668
944847
-671044
-561396
1195011
-151730
-1269818
867856
1012331
-1393836
-614027
1728373
251773
-1955537
-63416
2110320
72928
-2253351
-349955
2329915
936461
-2165300
-1756477
1530096
2555334
-221798
-2760381
-1547956
1739572
2886969
566292
-2428328
-2779429
-237647
2529701
2908821
704396
-2075281
-3189778
-1915922
673793
2771207
3132955
1709280
-568565
-2499143
-3252732
-2640024
-1057271
812741
2347879
3168555
3164022
2455426
1303883
2168
-1204706
-2170659
-2832151
-3181687
-3271762
-3173407
-2947294
-2656282
-2351803
-2076356
-1858834
-1709216
-1643456
-1669733
-1770046
-1934435
-2167581
-2453747
-2749591
-3014311
-3210108
-3269651
-3106062
-2655413
-1887708
-825801
428380
1701325
2745686
3261962
3007451
1915983
191343
-1662881
-2975373
-3154620
-1964168
209136
2343731
3237604
2230481
-213308
-2554322
-3088678
-1253221
1635697
3141215
1792327
-1278229
-3054816
-1597266
1607512
2909720
671118
-2380588
-2249553
941386
2698842
429344
-2401356
-1317701
1874170
1761461
-1402613
-1881198
1126839
1806088
-1052558
-1571026
1173123
1220813
-1353066
-704016
1466469
65332
-1303951
607553
798513
-1023194
-34120
899857
-641459
-265284
738154
-442297
-201558
569957
-385691
-40502
363226
-362895
132955
129981
-239956
222087
-77425
-53110
122421
-141080
71023
-26329
-27920
49173
-47247
40648
-19667
-9844
12329
-9487
16322
-6020
4620
6435
-12893
16085
-19732
23365
-18919
25188
-24968
25188
-18919
23365
-19732
16085
-12893
6435
4620
-6020
16322
-9487
12329
-9844
-19667
40648
-47247
49173
-27920
-26329
71023
-141080
122421
-53110
-77425
222087
-239956
129981
132955
-362895
363226
-40502
-385691
569957
-201558
-442297
738154
-265284
-641459
899857
-34120
-1023194
798513
607553
-1303951
65332
1466469
-704016
-1353066
1220813
1173123
-1571026
-1052558
1806088
1126839
-1881198
-1402613
1761461
1874170
-1317701
-2401356
429344
2698842
941386
-2249553
-2380588
671118
2909720
1607512
-1597266
-3054816
-1278229
1792327
3141215
1635697
-1253221
-3088678
-2554322
-213308
2230481
3237604
2343731
209136
-1964168
-3154620
-2975373
-1662881
191343
1915983
3007451
3261962
2745686
1701325
428380
-825801
-1887708
-2655413
-3106062
-3269651
-3210108
-3014311
-2749591
-2453747
-2167581
-1934435
-1770046
-1669733
-1643456
-1709216
-1858834
-2076356
-2351803
-2656282
-2947294
-3173407
